[ 16  60   8   8  90  67  91  24  11  55  57  87  89  34  12  92  20   3
  76  97  43  21   7  96  62  43   3  29  28  92  42  33  61  67  68   9
  16  69  48  68  22  15  69  86   2  20  75  32  43  17 100  59  29  77
  26  59  92  90  48  38  87  97  91  42  41  63  26  30 100  89  40  48
  75  91   1   0  16  49  20  96  41  81  39  37  17  93  80  61  31  36
  93  93  85  93  86  50  83  35  64  10]
[76 58 26 22 23  6 51 72 77 81 82 47 53 97  6 46 91 14 94 81 11 42 94 36
 95 74 18 48 11 22 70 15 53 90 21 75  7 16 76 43 57 17 93 89 99 13 16 70
 72 14 59 29 88 32 80 99 96  6 48 28 46 62 11 31 21 26 53 22 34 39 76 22
 21 30 91 22 14 10 12 39 35  9 71 84 84 59 86 95 86 94  2 92 45 29 70 73
  5 69 74 59]
[44  9 13 21 23 12 58 78 26 30 21 30 44 87 67 70  3 20 93 97 42  3 88 62
 97 83 38 56 15 50 27  8 40 64 41 99 70 96 74 55 22 12  5 49 51 12 46 76
 76 42  3 77 50 75  3 64 67 94 20 41 94 57 85  6  6 12 77 11 99 25 51 50
  1 45 30  8 21 85 77 99  6 82 67 49 38 20 50 59 36 48 82 34 67 40 99 16
 98 23 12 95]
[  6  68  63  53  50  84  71 100  19  55  72  30  27  81  62  16  41  77
  52  13  59  75  99  74  32  30 100  97  20   1   8  58  87  74  87  51
  13  99  92  51  48  90  99  76  62  27   6  88  25  30  42  10  54   8
  73  55  12   1  14  81 100  79   8  77  86   3  20   9  15  78  66  61
  36   3  90  59  59  70  15   2  67  63  63  67  84  84  34  27  62  80
  42  63  95  88   1  18  50  82  32  62]
[ 3 15 95 69 22 82  3 75 11 28 86 10 11 40 86  7 23 67 16 17 14 17 71 69
 96 68  2 77 70 90 67 97 40 82  4 10 54 75 71 53  5 12 95 70 26 49 91 80
 80 34 24 19 54 77 29 38 34 60 66 66  2 97 91 95 91  1 12  3  6 19  7 65
 24 30 95 59 54  0 93 98 25  1 21 16 39 35 33 96 69 86 59 74 26 76 90 54
 98 23 50 20]
[ 25  48  74   5  25  31  81  10  78  46   8  36  12  63   5  33  53  23
  76  96  85  16  90  75   9  70  92  21  83  62   8  62  47  67  34   6
  74  54  80  51  96  72  20  21  29   6  94  27  11  98 100  37   6  24
  82  21  74  39  81  75  69  40  98  73  25   4  49  75  25  94   8  19
   3  92   4  78   8  82  65   1  93  90   2  66  36  63  65  36  98  43
  99  97  35   2  99  29  49  67  56   9]
[ 80   1  15  52  73  43  22  16  69  95  82   1  18  46  64  38  55  11
  97 100  47   8  26  27  57  31  24  43   4  42  47  36  73  39  85  59
  54   1  30  85  59  91  82  80  82  18  97  63  34  26 100  58  31  80
  89  66  23  29  56  64  26  95  53  47   2  78  40  55  12   1  46  98
  98  85  66  27  16  84  15  62  63  74  17  16  81   8  73  58  32  24
  13  53  97  79  78   6  95  20  70  95]
[  2  40   7  32  16  40   9  21  42  91  22  83  80  39   2  90  58  30
  14  69  79  60  73  74  26   4  46  34  32   5  72   8  26  74  11  59
 100  58  21   6  70   1   1  20 100  27  86  49  31  53  78  88  75  77
  92  47  35  73  95  65  30  15  21  53   4  15  71  82  92  21  55  47
  90  40   2  73  80  81  71  78   1  86  10  86  41  73  96  21  58  51
  84  25  44  63  21  49  70   2  98  35]
[ 72  91  78  82  82  47   2  56  67  22   1  63  86  28  31   2  85  28
  55  18  10  25  21  69  84  78  70  48  28  54  47  62  79  16  51  27
   9  57  26  59  34  93  45  83  75  68  42  55  14  51  51  96  38  33
  42  31 100  64  81  23  64  95  99  61  24  16  46  95  94 100  35  30
  57  83  33  86  33  95  56  53  11  25   2  13  34  95  10  64  82  19
  83  22  15  79  75   1  22  80  76  83]
[ 38  53  67  64  99  23  34  72  40   8  94  43  23   9   1  51  98  73
  99  98  29  85  99  56  11  28  61  74  82  31  88  90  90  63  93  64
  56  51  24  58  33  95  55  80  49  97  56  50   7  55  26  98  32  59
  26  38  84  78  84  93  85  20  20  95  73  99  69  26   5  34   7  87
  43   8  21  17  65  33  26  32  48   3  71  16  97 100  94  92  10  52
  23  82  96  97  92  54  32  57  73  64]
[ 84  19  29  31  99  62  91  51  25  33  57  20  50  13  58  37  45 100
  73  71  14  76  81  20  92  73  86 100  36  46  66  38  55  37  77   2
  87  69   7  41  13  95  86  62   6  81  67  56  46  47  92  66  91  41
  65  42  33  37  21  79  67  61  65  78  16  54  36  97  66  22  43  12
  47  93  66  47  95  61  71  27  73  20  81  81  36  55  30  38  30  34
  51  77  37  93  40  60  25  31  28  47]
[ 73  73  35  23  11  33   6  72  49  12  87  34  83  50  19  18  67   4
  54  80  12  44  92  78  21  42  81  61  77  99  75   6   3  59  66  74
  34  17  34  26  41   2  64  69  43  43  92  55  28  22  10  44  42  34
  64  44  43  64  80  14  18  15  41  45  95  43   3  75  46  76  20  43
   1  38  98  48 100  14  74   5  85  67  32  61  17   1  64  53  61  49
  18  67  87  72  71  46  57  26  39  50]
[ 96  94  29  76  52  76  13  70   4  66  62  24  81  95   9  30  64   6
  19  14  60  20  39  21  32  55  29   2  52  84  17  25  20  17  95  59
  78  95  44  50  54  53  47  92  60   7  97  15  75   0  20  57  23   6
  45   6  81  47  25  24  85  52  18  11  32   2  34 100  75  77  77  18
  40  44  80  42  14  74   7  19  21  57  13  36  76  78   4  57  92  39
  48  84  90  75  10  79   5  47  21  66]
[ 76  62  94 100   2  81   1  51  85  80  94  64  52  20  62  39  36  58
  65  91  99   2  90  91  68  92  72  84   4  42  61  87  15  74  97  72
  57  62  93  27  72  15  48   9  55  34  49  34  88  27   6  61  78  63
 100  30  78  20  63  56  90  84   7  65  22  85  84  61  90  88  84  49
   3  58  58  15  19  85  96  14  52  69  63  64  92  44  41  54  59  11
   0  17  25  70  89  41 100   1  27  64]
[ 97  20  35  49   2   4  40  25  72  27  79  92  36  75  29   1   2  20
  87  28  68  18  39  71  26  70   7   5   4  38  22  59  21  79  69   9
  11  16   1  80  30  22  10  34  40  44   0  93  53  87  73  20  58  17
  49  90  87  14  51  82  37  91  28  73  98  85   4  93  70  11  81  83
  11  36  48  30  14  86  10  88  71  80   7  26  78  36  32  47  19  61
  33  37  14 100  53  26  63  78  17  59]
[93 28 46 71 37 14  9 18 95 69 94 96 56 59 31 82 93 94 57 92 56 54 15 47
  5 55 34  6 57 91 85 58 38 66 21 61 23  4 75 89  9 90 20 62 96 78 20 65
 27 22  2 60 56  5 64 50 10 85 79 65 52 59 43 20 99 55 55 32 69 26 26 11
 77 96 10 35 21 51 60 23 96 28 54 30 47 73 38 14  5 52 80 10 65 59 38 41
 42 50 10 44]
[ 82  43  76  68  79   5  59  30  13  82  87  56  12  94  68  19  53   0
   6  18   8  82  11  35  62  96  93  17  16  27  87  22  57  87  39  59
  70  82  84  80  90  70  30  40  24  27  25  66   5  13  81  78   5  75
  41  13  32  17  21   4  73  54  33  86  14  49  95  48  77  85  81  49
  46  46  20  51  24  69  32  76  86  44  38  81  69  55  37  59  37  81
  23  80  59  86  49 100  57  22  19  60]
[77  6 22  0  0 97 31 75 49 83 51 16 93 83 96 35 29 45 81  2 54 27 25 73
 69 40 20  7  0 72 52  9 56 68 98 94 18 89 76 50  8 69 69 34 57 62  5 74
 44 11 33 99 47 65  3 26 68 33 22 21 25 61 60 44 50 36 78 42  9 76 15 19
 15 37 87 93 34 25 50 83 95 22 35 63 51 64 13 18 76 28 77 27 31  6 75 88
 62 67  0 51]
[ 2 17 35 85 50 70 59 72 57 96  6 47 41 23 85 72 89 28 30 63 75 25 15 69
 79 83 27 90 36 22 50 65 66 98 91 32 11 95 88 92 71 36 79 25  7 91 70 85
 19 15 35 94 44 37 33 21 35 13 29 95 56  2 47 19 55 49 48 70 83  5 86  0
 41 26 45  5 28 55 36 81  3  9 29 24 32 21 11  6 41 61 90 24 95 90 37 10
 66 94 90 90]
[ 79  30  99  40  33  91  65  91  92  91   8  19   7  78  65  86  13  90
  18  23  61  35  22  67  41  98  46  57  62  45  44  23  13   6  22  23
  27  89  63  98  14   8  37  99   1  64   6   1   0  62  76  86  62  55
  18  77  87  20  15  76   0  45  84  50   6  15  72  14  61  90   1 100
  67   3  54   9  34  21  28  68  38  11  80  80 100  98  47  21  64  11
  23  96  28 100  85  99  99  81  83  26]
[12 88  6 32  7  2 14 90  5 12  8 36 75 69 15 44 42 58 77 61 20 67  2 21
  4 60 50 53 71 12 72 61  9 46  4 75 39 32 96 35 28 74 83 41 99 59 23  7
 30 95 15 73 34 31 98 38  7 15  4 74 71 62 23 30  5 67 67 55 52 37 90 47
  6  6 50 20 88 54 10 53  7 66 31  7 74 87 24 86 61 55 43  6 57 90 64 30
 21 44 63 84]
[15 92  9 59 15 98 18 40 58 72 16 20 38 33 33  2 26 73 67 60 88 21 81 62
 68 33 39 18 21 36 46 80  9  3 47 74 59 53 85 75 57 30 26 97 34 53  7 13
 60 33 12 51 31 81 44 84 99 72 73 58 46 11 96 59 33 65 53 49 19 64 96 56
  5 55 38 10 48 79 32 19 74 37 29  5 80 35 91 73 87 78 68 76 10  6 85  1
 70 98 85 88]
[ 85  44  67  95  18  28  62  78  87  60  92  94  34  70  17  39  24  91
  80  49  94  27  19   1  52  70  22  32  38  58  69  84  86  31  50 100
  64  94  87   7  97   7  70  33  61   2  95  62  63  20  35  36  42  77
  61  80  39  34   6  91  44  32  23  71  69  35  45  33  53  97  87  17
  12  11  41  14  73  59  89  75  68  56  93  72  79  69  76  25  71  16
   3   9  84  24  10  25  63  56  11  86]
[40 81 44 57 27 70 81 24 30 22 67 23 24 96 47  3  2 68  0 57  2 96 30 95
 10 28 56 88 76 62 21 18 67 64 44 63 90 71 76 15 42 21 57 27 98 43 15 18
 87 35 23 19 21 78 34 54 49 33 75 60  4 30 10 31 71 91 28 64 74 84 83 58
 96 13 28  4 85 84 35 17 76 36 50 67 47 13 38 19 46 49  6 62 78 73 36  5
 35 38 41 84]
[ 93 100   6  48  15  40  33  31  37  22  94  47  84  83  92  54   5  53
  78  75  55  92  65  30  46  75  82  24  38   2  91  47  37  39  37  53
  48  79  46  29   0  20  46  35   7  60  94   3  70  61  82  62  42   0
  77   4  42  60  69  79  60  68   4  51  95  95  74  97  51  94  52  38
  74   8  45  10  29  38  22  40  54  35 100  72  28  26  67  86  22  99
  70  37  43  10  70  69  31  77  34  41]
[96 82 62 60 50 99 44 96 95 61 35 63 52  7 30 24 41 10 44 23 63 79 33 75
 15 51 42 57 12 30 76  2 23 91 97 60 45  0  0 68 90  4 79  6 54 40 66 65
 42  9 82 95 98 89 15 31  6 51 28 79 17 69 25  9 71 58 28 49 14 67 70  7
 85 23 84 41 72 73 90 85  9 23 74 61 67 75 17 47  9 93 60 11 36 74 76 82
 85 66 17  0]
[  9  33  57  80  45  99  73  16  49  18  75  46  21  81  89  96  35 100
  85  77  10  99  75  72  95   8  42   8  70  90  77  29   6  45  42  53
   5  81  48  99  70  12  70  78  75  56  13  56  94  36  31  96  20 100
  59  91  42  10  42  24  21  72  44  95  29  39 100  37  97  72  63  39
  88  21  81  96   2  38  46  69  17  99  48  55  33  29  47  18   0  93
  55  29 100  73   7  84  62  77  87  95]
[66 57 46  5 95  8  4 17 91 18 25  1 72 81 98 52 14 29 52 10 51 29 50 50
  3 89 95 56  1 45 73 49 88 10 99 87 32 74 92 53 28 33  6 11 40 48 25 81
  3  5 86 40 30  6 83 57 81 48 41 68 68 45 42 34 68 90 67 87 72 48 59 58
 15 77 62 33  7 11 30 62 87 24 97 52 56 30 26 35 34 42 25 80 60 38 95 93
 43 85 82 77]
[ 49  61  84  10  97  57  67  98  77  89   4  37  67  88  78  88  65  61
  20  71  80  62   6  31  25  39  10  76  87  87  21  28   7  40  55  95
  18  81  54  81  63  99  32  26   6  84  46  56  88  39  51  92  70  22
  40  54  71  94  68   8  49  71  54  32  16  86  69  46  42  22   6  72
   3  10  55  14  73   2  21  76  65  71  60  23  84  95  52  44  36  20
  68  25  36 100  72  25  52  14   4  93]
[ 12  85  10  17  80  43  14  13  40  75  26  98  59  14  30  39  99 100
  95  10  93   6  36  74  68  70  57  57  26  21  61  50  88  82  15  13
  52  58  79  11  84  80  69  34  23  47  99  84  14  28  98  94  73  94
   1  27  13  39  88  79  34   2  96  63  91  25  28  43  32  85  63  53
  92  98  59  10  18  27   1  55  57  62  90  29  91  56  50  75  15   0
  69  94  94   3  74  42  41  68  49  28]
[  4   9  24  98  11  60  64  98  12  62  43  60  62  30  97  61  66  78
  92   1  34 100  45  61  48  51  19  36  62  45  94  71  17  39  24  12
  22  20  45  81  38  43  13  45  21  19   4  53  22  61  68  75  94  57
  96  39  21  84  61  48  35  44   1   4  36  20  55  90  11  16   0  90
  31  33  82  81   1  97  10  68  23  96   4  76  41  24  18  48  80  53
  17  45  54  11  42  20  87  74  99  83]
[ 91  52  95  17  47   5  56  45   1 100  55  56  15  24  38  30  59   6
  99  45  96  57   5  14  30  11  14  67  34  24  21   2  19   0  90  60
  97  73  13  80  57  50  59  30  46  62  47  27  68  71  57  87  27  31
  61  78  98  96  87  53  51  99   3  58  22  35  20  71  83  17  37  52
  52  12  88  63  77  60  73  66  76  68  78  70  58  65  64  65  81  25
  42  54  81  37   5  64  28  45   9  15]
[ 86  84  94  44   2  79   9  42  37  45  95  45  26  54   6  41  92   9
  51  67  53  54   5  78  31  21  90   0  68  23  11  77  62  35  20  51
  13  41  54  88  54  88  19   0  95   4  62  55  65  18  81 100  34  41
  39   4  44  75  96  42  18  13  48  22  57  39  61  59  74  70  41   9
  39   2  22  72  75  66  46  55  50  32  95  48   6  12  93  62  28  74
  10  55  31  38  52  67  68   0 100  75]
[ 90  81  63  20  18  17  66  73  38   7   7  67  52 100  33  77  52  50
  48  31  82  67  86  43   0  37  31  65   2  90  99  92   4  18  79  85
  98  89  89   1  46   0  56  50  69  24  40  28  27  81  54  69  26  74
  58  18  45  18  96   1  16  82   6  32  42  36  71  36  57  41  67  66
  85 100  70  19  51  15  17  51   9  33 100  24  56  41  97  17  22  77
  13  75  36  24  11  33  48  11  31  33]
[ 83  38  33  39  66  51  71  26  55  77  15  11  51  13  27  18  30  22
  33  38  57  97  77   5  59  65  58  19  38  72  35  45  90  20  50  75
  85  86  14  75  60  94  99  18  44  49  36  14  16  94  10   0   2  87
  42   3  34  70  81  47  71  75  95  71  24  20   2  18 100  80  78  34
  72  20  72  12   1   0  26  47  57  66   8  14  72  74  16  65  66  67
  55  61  12  12  44  34  14  33  98  31]
[86 10  6 63 96 74 21 75 42 28 32 46 24 29  2 65 97 73  0 55 86 19 52 79
 48 28 13 32 87 77  6 69 29 52 89 74 41 55 36 77 99  0 53 73 30 88 96 62
  5 23 92 23 57 88 95 45 55 91 99 11 40 29 92 18 44 90 66 10 92 45 70 96
 88 80 29 25 54 93 80 92 45  0 48 82 98 98  0 53 54 39 35 12 77 86 65 52
 95 85 14 12]
[ 89  45 100  40  96  53  20  50  89  41  91  84  25  17  32  46  92  92
  20  57  12  57  45  38  13   7  52  23  64  55  78  38   3  19  17  47
  92  87  73  83  69  38  50  95  88  67   8  67  80  52  73  42  53  15
  41  61  83  12  92  84  47  11   3  94   0  24   3  96  73  64  21  90
  48  26   8  18  44  80  95  10  66  33  77  28  86  32  54  70  75  83
  98  69  26   9  33   9  24  17  51  85]
[99  4 63 63 72 90 75 49  9 46 34 69 66 10 17 38 14 57 36 49 47 18 67 68
 67  4  1 58  0 38 51 62 97 14 83 62 28 73  2 68  8 18 35 49 91 55 83 16
 40 86 19 25 98  6 33 37 43 40 74 18 52 78 48 25 17  6 42 43 62 24 35 47
 72 44 78 28 25  8  3 40 61 65 92 59 93 76 72  7 78 90 59 26 13 82 68 78
 37 99 75 38]
[ 53  80  14  91  23  51  97   8  83  81   1  48  97  27  17  34  56  89
  67  78  37  93  36  28  38   4  63  14  46  63  74  41  24  43  70  73
  36  47  83  63  50  21  18  22  33  43  67  24  30 100  61  76  41  91
   1  89  90  84  10  72  58  21   0  97  55  99  91  77  19  48   3  64
  84  66  59  60  35  45  96  68  55  79  78  29  57  11  82  47  72   0
  83  14  69  14  70  30  96  34  79  71]
[ 51  80  46  84  51  90   7  11  93  84  52  82  96  69  37  74  12  28
  44  97  15  67  76   0  24  83  81  96  15  30  33  30  89  26   6  44
  91  16  21  79  53  13  88  12  28  59  93  46  58  77  50  85  52  76
  63  24  40  24  35  80  89 100  34  89  62  95  49  92  38  42  82  10
  20  77  41  28  67  38  46  26  86  53  33  85  80  44  77  71  11  26
  86  27  55  46  95  31  78  94  30  72]
[ 62  45  91  61  67   8  39  58  49   7  60  64  84  10  65  59  39   9
  93  75  87  42  65  61  44  38  65  73  26  78  95  86  58  39  55  58
  81  69   9  30  53   6  53  80  93   1  84  80  32  87  40  39  10  15
   3  20  76  64  86  21  32  89  31  26   2   0  41  68  36  30  81  86
  98  60  75  34  24  96  60  42   3  16   8  98  52   6  68  56  67  21
  78  14  78 100  17  86  67  49  62  92]
[43 56 95 98 45 60  7 95 37 48 35 16 37 10 86 64 59 24 23 80 84 96 19 11
 78 68 51 31 88  9 45 25 61 99 18 45 74 54 59 91 78 49 27 16 32 72  1 75
 46 29 49  0 74 99 32 23 58 59  8 80 32 51 86 69 83 12 21 36 79 37 85 35
 98 97 52 94 72 97 49 28 20 71 96 44 35 22 58 94 62  1 95 34 55 14 69 97
 15 24 37 40]
[68  8 36 89 11 72 21 58 21 45 21 96 24 55 48 39 84 85 65 65 95 85 28 34
 21 16 86 71 53 81 89 54 80 85 84 46 34 80 88 80 49 85  7 18 42 60 89 66
 12  0  4 73 89 31 15 72  8 10 25 51 55 13 27 37 93  3 42 13 14 13 80  1
 17 99 30 20 66 58 86 82 42 16 34 70 37 73 43 93 16  2 87 50 75  6 31 67
 45 73 65 29]
[  6  91  94  87  90   7  15  15  97  13  40  42  20  42  73  73  75  41
  32  89  56  25  27  14  28  54  20  90  29  94  88   5 100  19  98  52
   9  52  89  24  19  48  87   4  49  35  45  60  85   1   2  52  93  36
  77  11  17  77  53  82   0  33  73  46  56  63  20  28  20  63  90  19
  89  20  62  61  13  20   3  33  19  92  58  49  80  90  32  38  19  49
   3  17  84  32  95  73  61  18  16  72]
[ 69  65   4  46  10  11  81  60  23  24  20  60  23  87  52  96  54  81
  88  45  59  58  16  25   6  54  69  98  19  13  80  63  37   9  64  56
  92  52  17  36  89  14  25  59  63  93 100  30  99  23  31  13  50  60
  11  83  91  68  47  90  18  27  55  16  65   6  75  60   9   1   1  37
  20   6  21  51  51  92  36  67  93  62   1  51  50  42  33  24  68  37
  97  10   2  79  83  23  57  20   1  99]
[ 67  96   3  83  56  50  41  72  26  89  36  84  38  83  16  72  72  63
  26  72  47  20  27   8  67  86   2  56  12  83  85  18  43  99   5  56
  34  87  20  95   3  29  36  35  35  48  34  81  88  90  82  51  23  50
  83 100  38  63   0  86  71  65  87  54  83  83  11  46   8  74  31  95
  32  37  69  13  34  65  49   9  11  71  72  79  47  67  30  60  79   1
  21  13  79  81  92  89  74  88  45  97]
[ 45  14  39  57  51  36  60  11  80  47  12  56  33  47  44  71   0  43
  67  95  38  26  91 100 100  56  72  30  20  84  10  68  69  12  84  84
  14  14  45  19   3   4  20  87  46  97  54  85  33  16  33  90  41  34
  94  92  52  21  80  35  86  66  73  78  32  32  44  55   6  73  35  82
  59  21  79   9  69  23  86  99  22  57  77  98  75  17  44  55  30 100
  91  12  77  35  93  87  72  47   5  23]
[ 44  33  40  41  99  16  29  12  48  44   7  24  89  71  42  91  59  96
  13  35   1  34  27  30  88  54  33  99  85  23  70  71  70  22  75  71
  61  87  25 100  78  55  50  90  42  34  78   3  20  82  26   9  67  66
  44  31  52  88   5  23  74   5  47  77  75  53   5  63  52  31  82   7
  70  84  98  20   4  96  87  24  97  78  99  47  85  37  42 100  83  52
  61  14  35  53  99   7  92  52  14  28]
[27 64 58  6 41 81 63 31 64 65 38 14 54 12 26 88 65 72 46 52 53 29 17 98
 81 70 55 67  0 12 81 21 11 70 77 15 86 19 53 71  2 51 19 71  0 31 48 63
 39 65 37 33 48 71 28 84 68 10  3 45 12 87 89 70 50 43 26 22 47 45 87 15
 40 23  9 43 83 41 33  3 79 46 93 56 12 86 70 61 88  9 65  2 88 71 42 61
 24 96  7 93]
[67 98  3 60 16 24  7 46 80 26 66 74 86 27 13 32 82 86 27 94 52 94 21 69
 55 98 44 25 64 92  0 91 78 65 57 71 61 92 78 40 20 16 27 18 86 27 57  8
 68 47 88 90 18 83 92 72 12 89 82 74 18 98 95  8 66 14 45 50 37 88 98 74
 71 81 29 28  7 19 32 88  9 34 99 43 77 30  5 32 15 95 89 91 45 18 65  1
 72 57 56 63]
[ 74  27  41  89  44  91  24  93  15  24  82  41  27  10  72  67  97  49
  44  33   6  88  61   3  52  55  56  16   8  92  70  64  84  63  19  58
  47  69   0  88  73  71  18   1  98  24  95  55  45  52   8  24  31  55
  56  51  29  41  62  10  60  91  28  71  10  34  53  57  70  86  34  85
  85  13   2  89  98  49  94  40  77  68  16  10  51  51  25  13  90   4
  16  49   2  95   1 100  40  62  99  57]
[ 2 89 53 67 82 14 28 71 20 37 88 88  2  3 24 35 67 89 17  8 71 85 23  1
 23  5 46 93 62 40 46 19 35 16 97 35  6  3 89 29 13 90 56 13 50 37 95 74
 61 64 90  8 46 47 30 71 15 28 50 20 50 59 89 99 82 19 63  8 11 32  1 71
 62 10 70 78  5 31 25 55 28 89 58 95 98 61 80 33 93  1 20 86 86  2  2 29
 69  0 12 66]
[ 48  57  49   6  80  81  25  88  81  62 100  20  56  62  14  13  67  82
  21  29  80  83   3  90  88  19  86  36  32  85  72  10  47  15  75  53
  99  24  91  37  60  66  97  66  14  80  38  23  62  53  29  84   4  35
  14  94  41  79  87  41  99  67  13  62  12  73  85  63  20   3  42  94
  81  90  50  36  97  63   3  36  18  85  40  11  32  36   4  69  18  19
  30  10  69  12  85  44   0  71  50  86]
[ 18  78  80  43  95  75  21  78  16  97  58  86  40  67  45  47  47  76
  69  40   4  87  10  20   0  82   2  73  63   5  97  14   2  24  84  58
  11   3  77  68   4   4  51  44  69  61  88  31  61  28  31  50   8  48
   9  62   3  14  25  47  35  38  91  45  53  16  10  32  26  11  85 100
  18  15  97  19  26  35  15   9  66  22  15  72   4  99  17  95  68  72
  80  89  17  43  76   4  55   3  47  66]
[ 41  75  38  43  10   8  42  56  94  29  39   7  47  31  88  70  28  93
  87  47  71  66  99  68  83  11  42  63  59  68  72  76  93  32   8  22
  17  69  32  14  95  31  78  23  92  33  96  84 100  64  54  18   7  99
  44  94  17  31  60  41   3  49  44  83  23  69  54  40  77  89  10  55
  89  21  13  88  67  36  50  97  80  76  68   8  69  64  34  68  83  69
  88  25  70  51  62  63  38  47   6  83]
[88 14 67 86 93 36 64 59 16 90 17 71  6  4  1 59 17 51  8 13 87 44 21  0
 94 97 24  1 47 38 19 76 83 83 36 39 62 92 22 28  6 50 40 70 10 56 26 74
 80 74 34 64 48 84 45 21 56 90  3 42 13 73 73 71 67 40  9 74 95 83 25 49
  4 59 40 56 92 65 78 22 18 44 10  1 62 58 75 85 63 81 88 53 56 72 42 72
 19 41 36 51]
[  0  64  33  64  37  73  92  32  94  59  51  27  47  78  29  55  32  22
  37  87  11   8  32  96  62   6   4  86  37  84   8   2  44  20  79  26
  96  79  47  41  32  25   7  47  64  74  61  51  59  52  81  71  91  60
  10  74  55  20  99  78  88  71  21  98  28  78  92  18  61  15  94  93
  15  57  93  45  93  38  95  47  40   2  54  44  86  87 100  42  23  13
  24  72  51  87  68  76  72  87  93  84]
[  8  26  89  62  76  65  31  67  27  63  35   3  78  84   8  84  49  71
  75   8  14  90  29  20  38  89  45  47  91  57  46  99  25   3  70   7
  46  99  20 100  49  92  25  87  92  96  27  22  58  45  63  32  96  16
  25  43  54  90  81  13  78  80  69  23  57  16  19  53  40  46   4  44
  80  23  58  26   3  29  86  85  23  43  22  61  47  64  59  34  35  69
  72  57  94  27  46  38  67  63  27  39]
[12  5 48 49  7 96 59 82 97 43  9 16 78 92 30 46 74 50 93 88  2 24 73 70
 61 40 17 63 72 25 86 92  1 48 29 50 86 48  9  2 71 92 41 18 44 31 21 31
 60  1  4 67  4 19 17 50 55  0 76 37 32 53 19 52 66 94 29 77 65 20 84 24
 65 30 98 32 29 31  8 43 33 42 42 62 71 31 82 72 63 91 63  0 62 17 98 45
  9 61 13 16]
[  4  51  96  63  48  50  79  73  17  15  16  27  41  43   2  79  92  38
   6  38  23  71  45   5  68  76 100  43  82  55  43  69  70  30 100  24
  82  57  12  85  54  52  81  36  44  68  91  21  74  28  73  49  70  26
   7   1  98  78  29  10  46  61  90  69  94  44  73  74  92  94  92   5
   4  69  96   5  72  17  59  36  48  94  26  28   5  20  21  28  98  20
  87  84   5  61   4  92  94  54  35  72]
[ 90  42  54  71  73  68  12  19  93  83   9  37  78  86   4  91  50  72
   2  37  89  56  59  59  25  15  18  79  97  17  17  66  61  27  92  46
  33  36  79  20  59  30  11  16  44  77  15  97  38  69  79  71  32  19
  91  64  22  81  89  98  73   9  15  11  54  77  33  21  91  40  54  82
  60 100  35  90  53  41  87   0  18   0  20  57  73  14  31  13  34  54
  38  54  74  75  99  17  35  41   2  25]
[ 19  27  52  94  75  94  31  66  24   0   1  63   6  35  48  63   6  43
  74  84  34  32  35  61  37  81  83  26  16  90  71  57  70  13  81  50
  44  62  66  65  89  57  40  29  57 100  54  37  47   8  43  72  96  89
  58  41  77  66  75  92  28  14   8  57  22  48  12  49  98   5  62  39
  90  87  91  82  53  41  62  41  86  35  23  94  14  90   7  14  26 100
 100  34  87   3  13  64  42  19  69   5]
[ 69  48  88  65  17  71  60  22  72  93  57  42  32  47   5   0  39  38
  41  94  22  23  48   1  58   0  34  78  65  81  62   2  34  53  88  52
  12  18   6  94  87  92  72   8  61  33  88  54 100  41  97   7   5  91
  86   2   6  69  38  46  21  76  29  17  62  95  61  78  61  70  13  95
  29  62  84  67   2  69  54 100  85   2  48  47  65  66 100   5   0  10
  65  74  23  58  49  49   0  97  81  37]
[ 98   6  21  32  61  33   3  70  91  67  94  18  76  55   4   3  95  14
  81  37  87  77   4  85  46  15  79  38  59  52  28   8   0   8   1  55
   4  42  76  31   7  96  54  26  71  73  55  10  97  79  97  28  51  39
  13  61  68  21  30  98   2  28  98 100  83  86  11  41   2  91  37   1
  47   6  54  96  38  66  16  81  96  63  67  71   4   3  75  71  16  86
  94  17   9   9  65  20  63  32  15  91]
[86 52 78 96 23 28 46  0 58 62 54 66  7 93 67 83  7 16  6 26 91 38 34  3
 77 60 86 62 20 88 87 66  9 60 91 62 90 80 43 45 14 58 72 51 74 51 88 53
 32 16 40 69  8 15 69 85 77 59 69 80 42 27 54 48 77 39 19 15 91 77 92 26
 37 44  4 11 25 41 63 41 30 29 10 32 90 26 39 98 70 94 33  4 18 30  7 60
 43 79 46 88]
[33 36 59 42 93 27 92 71  8 65  1 52 59 87 42 38 74 31 76 19 59 42 45 23
 61 18 85 13 57 96 43 79 88 94 33  6 24 83 31 63 59 66 46 98 57 19  7 76
 75 72 44 16 50 42 80 45  8 32  7  3 53 42 54 94 51 30 30 21  0 31 70 65
 91 41 72 19 58 91 10 64 29 28 82 38 30 28 55  8 90 43 56 81 78 67 41 51
 12 49 32  2]
[ 12  17  26  12  66  12  89   7  30  93   0  53  79  81  36   1  90  70
  88  72   6  19  83  50  99  18  67  96  39  97  39   2  72  90  13  98
  68  58  94  86  10  11  58  85  93  90  18  84  59 100  99  28  58  98
  61  83  97  82  43  48   9  93   2  46  11  60  58  95  20  93  89   5
  78  22  87  81  79  40  64  75   5  67  34   1  82  91  95  46  71  71
  54  33  87  25  91  19   1  53  12  95]
[57 67 66 86 45 85 18 96 11 63 92 86 84 19 49 84 50 28 65 73 66 78 39 22
 77 95 48 33 90 57  4 97  1 89 76 72 19 71 24 80  2 48 78 99 29 76 12 54
 85 79  7 61 74 23 79 54 91 66 73 95 32 10 26 83 42 17 79  0 71 49 95 13
 39 62 78 75 44 12 26 43  6  1 13 63 66 92  9 91 78 41 75 18  3  1 93 57
 38 73 57 73]
[ 78  96  95  35   2  13  47  20  49  77  72  91  49  97  55  71  78  61
  55  32  45   6  62  63  98  84  20  38  31  36  92   0   1   3 100  55
   0  96  30  90  83  35  64   5  84  14  26  28  35  43  15  25  76  54
  13   2   6  96  75  95  39  48  38  94  60   9  20   4  93  48  60  37
  25  58  96  78 100  13  59  55  52  39   9  24  59  78  39  77  80  23
  15  48  72  72  73  71   2  74  82   2]
[ 19  60  68  27  87  48  97  45  48  87  45 100  36  25  62   2  31  27
  21  19  20  16   6  51  75  36  23  65   3  88  48  73  94 100  44  40
  19   3   1  13 100  29  89  20  41  33  72  63  83  30   8  38  69  33
  44   4  41  21   8  92  55  63  94  91   4  66  66  10  31  33   4  68
   4  95  81  90  29  19  84  45   7  67  27  48  42   7  24  96  42  13
  24  91  24  48  48  29   9  77  35   0]
[  0  26  40   1  39  90  48  51  81  87  34  95  44 100  33  64   4   9
  36  35  84  70  52  25  11  71  87  21  51  85  35  61  21  81  35  70
  24  87  83   3  68  73  33  17  54  40  18  64  58  36   5  16  23  64
  68  26  72  56  74  11  44  95  41 100  97  76  34  93   7   0  67  62
  87  73  32  70  93  16   2  10  73   7  57   7  94  68   5  48  52  42
  87  73  95  38  76  77  13  73  14  96]
[ 77  51  80   1  48  87  66  32   2  26  19  18  79  82  74  84  63  71
  60  69  79  76  31  60  57  12  89  13  53  79  58  12  44  80  81  43
  13  71  51  20  66  71  17  38  39  30  83  66   5  80  20  75  69  67
   7  56  17 100  92  38  99  30  71  92  55   6  40  28  65  44   7  79
  24  86  22  53  48  59  40  88  15  49  57  98  57  81  28  47   3  62
  80  48  57  95  50  70  40  14  21   2]
[ 31  84  59  49   1  71  38  99  71  87  92  22  88  16  85   8  40  80
  49  54  66  16  92  39  58  34  21  16  56  94   9  81  35  37  55  40
  71  14  94  23  25   6  64  53  48  80  18 100  95  66  60  78  10  89
  49  82  88  70  64  53  48  87  54  97  90  74   8  80   0  28   6  16
  77  54  28  34  44  95 100   4  93  35  29  54  26  63  52  52  77  78
  60  95  46  74  40  43  90  21   9  70]
[ 19  35  25  99  48  65  16  52  70  28  19  91  92  41  23  44  22  37
  32  13  34  10  90  66  74  48  27  15   1  81  30  96  61   1  90  50
  88   6  85  33  46  67   0  59  38  30   9  81  80  81  22  94  86  12
  91  16  40  26  48  21  50  39  57  50  10  81  83  19  78  52  24  87
 100  72  36  98  70  15  40  55  55  41  61  86  42  54  43   1  77  80
  70  12  30  38  69  92  66  56  79  69]
[ 19  27  98  57  49  89  55  16  15  62 100  45  89  43  34  68  80  53
  50   3  33   4  66  38  33   9  15   4  43  14  77   5  71  41  73   4
  48 100  96  47  33  19  18  56  19  57  61  70  88  68  16  52  68  38
  86  22   8  93  72  12  91  87  40  25   1  85  99  23  95  78  49  53
  89  79  96  89   7   1  30  73  41  79  37  34   4  33 100  43  40   9
  98   9  93  86  92   2  50  28  98  34]
[79 42 36 53 57 12 75 71 11 70 56 72 29 90 35 68 11 36 83  8 70 52 19 53
 32 14 10 96 62 43 93 47 25 72 20 39 34 36 27 86 35  4 16 48 68 12 49 33
 85 26 48 32 39 82 22 90  4 85 74  7 72  3 70 42 28 98 11 24  0 40  4 71
 96 61 63 10 60 89 23 53 78 13 35 97 77 33 88 36 68 73 30  8 12 74 49 21
 90 27 13 26]
[ 53   9  90  68  23  39  55  48  19  14  55  95   0  70  96  10   8  69
  95  95  36  10  16  92   6  62  91  52  60  89  95  73  88  10  51  25
  21  49  55  59  20  88  35  56  75  96   7  94  20  34  59  31  24  86
  80  53  55  65  60   7  97  73  68   0  94  21  71  31  19  82  90  54
  75  63  26  86  98  65  98  53  81  90  51  24  22  25  58  92 100  67
   0  43  30  35  68  45  70 100  90  67]
[ 98  70  47  63  80   6  42  52  82  85  29  92  13  66  43  57   6   6
  13  19  77  11  10  41  85  36  92  29  81  93  59  82   5  54 100  95
  48  91  45  87   4  26  32  81   1   9  61  36  51  39  66  81  21   6
  51  13  30  44  48  23  50  68  31   1  51  68  22  66  57  20  68  71
  26  17  88  67  10  11  58  73  29  46  51  15  38  89  79  76   0  16
  20  51  63  15  40  81  11   2  46   4]
[  1  95  86  84  52  15  95  68  79  37  28  28  74  11  32  83  74  75
  91  45  36  80  53  50  35  46  78  38  58  25  43   7  91  11  69  94
  22   5  72  40  35  68  72  94  58  60  39  77  63  77  19 100  24 100
  74  66  11  18  66   4  59  91  29  53  41  35  89  19   1   1  24  22
  19   8  93  83  55  56  16  80  22  29  80  26  65  14  47  58  15  47
  25  40  75  38  59  40  72   2  60  32]
[ 84  83  42  29  65  75  54  29  36  45  46  27 100  47  55  31  30  36
   4  92  87  91  20  42  35  93   9  23  12  14  65  69  85   7   7  93
  60   2  57  12  35  67  56  12  12  15  32  70  93   1  28  56  75  49
  13  98  36  63  54  73  35  81  74  80  48  20  55  93  41  90  33  24
  55  78   6  56  24  19  40  97  64  91  38   6  36  47   5  86  55  42
  74  44  19  63  51  47  84  59  86  75]
[ 78  60  74  99 100  79  64  62  69  99   9  92  98  65  58  66  36  61
  31  64  30  22  27  81  65  52  48  40  98  82  49  48  57  13  37  93
  97  39  64  75  25  48  75  44  25  26  30  80  62  68  63   7  95   5
  94 100  84  30  78  43  29  33  69  40  32  97   8   0  55  24  33  96
  72  64  38  50  83  15  65  78  54  35  91  21  11  71  26  39  76  49
  16  97  18  47   5  28   4  22  61  35]
[ 60  34  41  90  17  16   7  32  58  76  18  96  56   7  65  55  92  19
 100  50  84  50  74  42  89  26  68   9  32  79  52  28  77  61  92  77
  39   7  39   4  85   3 100  94  13  45  28  16   0  92  12  44  65  63
  83  73  60  45  38  57  38  75  62  18  57  55  81  39  54  24  98   2
  14  23  69  99  39  50  94  83  75  22   1  26   1  84  34  29  82  55
  85  67  69  64  47  58  11  91  89  92]
[ 12  86  41  85  26  92  48  68  85  35  19  96  55  17  59  22  81  22
  41  87  44  37  90  97  44  51  25  47  51  18  13   0  31   1  42  76
  95  57  56  14  14  34  47  66  48  47  44  47  94  11  39  70  95  85
  88  90  17  58  60   0  11   8  54 100  64  13  91  98  57  61  52  82
  37  37  29  74   6  52  22  26  67  45  49  93  53  75  77  49  52  41
   9  46  93  44  92  27  88  24  73  57]
[79  2 89 68 64 65 36  3 91 18 86  6 42  1 65 35 69 74 64 92 18 60 57 48
 21 92 83 33 76 35 42 44 66 64 91 14 87  7 70 39 11 98 12 30 92 88 69 95
 79 65 21 81 44 35  1 99 17 44 52 71 97  7 77 21  4 98 44 17 44 20 81 69
 58 91 37 81 13 10 21 89  9 82 64 16 67 10 16 91  6 56 13 77 76 17 34 96
 18 54 14 46]
[60 42  7 90 73 79 57 95 75 14 65 74 57 89 40  1 24 30 64 18 73 63 31  5
  2 57 57 93  1 62 81 63 15 59 90 19 45 98 69 95 80 57 99 73 83 95 81 10
 79 52 11 35 29 22 25 98 74 27 16 45 59  4 86 54 30 99 75 51 84 56 50 99
  7 21 50 92 59 94 86 94 30 12 51 55 66 13 49  2 94 73  0  3 51 41 60 59
 53 79 73 26]
[ 67  57  24  66  37  42  64  62  55  99   9  72  76  98  84  63  83  67
  51  22  16 100  71  54  72  13  95  62  31   2  42  49  12  59  35   0
  71  58  22  22  18  18  88  25  13  47  15  16  21  77  81  40  53   0
  94  62  64 100  98  20  71   6  52  83  29  62  34   1  20  14  18  72
   7  67  18   2  24  77  13   0  70  27  39  88  96   1  13   6  31  58
  93  93  72  94  55  43  33  95  97  16]
[89 43 48 83 22 99 19 76 12 45 95 17 78 26 79 56 40 93 25 29 77 90 73 64
  2 50 77 54 85 52 60 74 20 79 47 53 56 65 34 25 86 62 25 75  2 10 92 44
 89 81 39 77 95 67 69 27 40 39  6 41 79 74 28 91 94 90 54 85  5 52 80 14
 20 21 85 51 22  4 92  9 87 22  9 38 16 73 56  3 98 23 51 20  2 33 52 82
 14 26 87 60]
[ 24  12  92  67  33  65  76   0  91 100  57  55  17  12  61   7  97  20
  84  73  33  87  97  53  36  39  88  99  77  36  97  71  56  46  20  26
  85  16  67  96  34  10  15  71 100  79  92  84   1   5  90  29  43  27
  92  85  56   0  92  33  39  25  65  30  46  55  36  49  25  34  86  57
  22  18  29  31   9  27  61  30  89  51   9  46  53  75   4  38  39  82
  82  77  52  59  19  42  80  44  55  53]
[ 44  75  72  88  41  35  73  30  22  99  24  55  74  12   6  35  22  44
  80  12   9  58  33  94  78  92  31  51  47   7  95  55  41  79  50  23
  31  34 100  77   0  52  16  92  91  85  77  66  64  14  71  49  33  46
  37  28   9  80  24  66  68  22  50  18  51  25  53  64  64  73  58  55
  36  45  20  59  39  12  54  94  94  82   5  77  85  34  82  39  66  47
  16   3  48  26  39  33  62  83 100  92]
[75 56 12 17 26 20 61 60 36 56  4 54  0 13 28 39 70 34 30 75 38 81 16 59
 17 64 38 97 70 40 91 23 46 77 91 27 24 51 30 14 76 31 51 41 71 81  0 12
 10 32 69 84 61 78 24 15 80 22 29 73 38 19 76 77 63 26 40 81 31 21 83 27
 45 58 75 53  4 76 48 46 42 45 69  1 85  6 20 65 61 51 34  8 52 62 12 47
 54 61 28 93]
[20 67  9 19 69  2 90 86 79 96 39 90 61 82 63 69 96 96 81 17 96 28 68 79
 67 20 87 50 30 43 42 20 21 88 36 22 87 59 69 65 35 80 34 99  0 76 86 33
 52  2  4 76 61 84 44 65 70  2 97 30 98 80 37 32 47 74 57  2 27 86 95 95
 66  4 48 99 95 83 39 22 69 42 88 96 65 52 42 77 97 96 28 78 77 17 20 36
 35 24 16 22]
[ 31  20  77   9  11  32  55  84  24  62  75  85  41  61  85  62   6  82
  65  28  92  91  12  32  57  76   3  11  12  39 100  22  82  64  74  35
   6  94  98  41   2   6  13  48  55  36  39  63  52  13  97  69  90  20
  67   4  35  44  48  64  75   1  91  72   8  52  56  49  73   5  38  16
  44  57  97   6  41  28  32   2  26  43  13  85  30  99   1  70  41  23
   9  29  98  38  47  20   6  77  61  74]
[91 18 33 79 82 25 59 19 35 39 97 50 86 20 73 37 68 88 18 65 49 10 94 73
 18 26  3 56 90 73  9 55 28 80 64 37 86 73 91 72  1 59 33 87 87 15 68  2
 86 80 31 18 65 39 27 24 79 78 76 28 63 82 59 57 31 61 19  8 50 19  4 16
  4 69 83  0 23 80 23 20 15 67 29 49 29 94 29 12  1 54 44 56 27 68 88 40
 20 23 24 60]
[ 90  18   4  35  82  58  12  80   1  23  72  83  99  11  33  29  54  96
  47  81  92  22  55  66   1  83  84  50  91  39  14   9  79  35  24  18
   9  50  22  34   1  11  87  25  62  10  75 100  80  96  60   4  71  86
  66  63  78  74  39  50  50   0  11  39  80  58  80  26  24  34   5  93
  28  85  35  89  21  21   8  31  42  64  98  30  65  71  28  88  27  19
  54  91  32  52  90  54  79   5  46  46]
[ 62  15  46  42  83  46   3  93  30  90  77  65  52  29  20   3  76 100
  12   6  27  32  86   2  70  43  21  30  88  77  84  34  77 100  47  85
  29  51  25  42  28  37  29  94  80  61  53  63  79  22  53  92  21  33
  19  64  36  67  53  69  47  67  63  74  77  59   2  57   1  37  76  72
  14  42   8   2  91  87  92   5  80  41  80  96  41  19  90  82  83   2
  74  25  46  36  35  58 100  40  96  41]
[100  51  31  80   9  71  67   9  87  39  87  46  85  68  94   8  53  61
  60  13  95  90  56  71  53  48  76  99  72  74  61  12  19  18  58  18
   0   0   7  43  30  25  97  50  38  68   3 100  85  36  46  46   8   0
  78  13   3  23   0  33  67  29  33  15  49  44   9  26  52  14  17  17
  56  14  84  71  87  91  78  96  95  88  60  28  49  53  84  71  91  76
  77  26  64  17  22  52  78  99  19  12]
[ 32   4  54  35   3  19  28  71  82  38  31  83  78  57  87  31  66   0
  53  47  66  81  49  38  91  95  50   5  98  22  37  34  90  52  80  89
  88  30   4  25  86  61  29  29  10  99  30  30   6  36   3 100   6  59
  16  20  33   4  64  74  91  56  73  34  95  48  75  76  43  94   8  87
  69   3  37  32  61  39  59  58  74  48  20  33  84  70  54  61  44  68
  62  53  37  34  33  21 100  87  26  63]
[27 81 81 30 37 48 50 71 78 77 15 48 15 23 68 55 19 19 85 72  7 92 67 77
 58 93 72 77 94 57 55  1 54  0 26 19 60 48 85  9  4 99 94 83 92 88 81 28
 97 25 79  0 90 77 44 99 44 14 54 18 60  2 22 14 82 90  8 75 78 56  5 70
  2 16 78 86 22 95 65 26 17 54 79 66 90 68 18 88 20 55 43 81 72 11 66 64
 31 43  3 59]
[ 70  19  79  71  30  86  31  12  67  51  72   2  40  45  78  74  83  37
  32  87  34  33  12  71  94  88  14  19  67 100  17  14  31   2  55  46
  14  88  12  73 100  55  52  32  95   8   6  19  19  81  69  30  61  46
  79  91  46   9  91  35  46  68  75  99   0  46  71  58  68   3  30  49
  76  17  22  31  31  35  95  54   6  37   1  19  90  73  76  65  72  24
  11  89  28  39  83  19  19  22  17  72]
[  8  32  42  64  20  11  97  21  65  21   0  38   2  39  44  99  95  66
   0  43  49  11  78  79  54  11  37  34  48  66  40  39  98  76  18  78
  61  38  62  76  59  90   8  78  58  38  28  82  19  30   2   8  19  73
  92  24  33  39  13  20 100  32  93  39  38  54  99  75  57  23  38  54
  43  27  49  17  13  28  75   6  41  68  76  16   5  59  94  65  83  23
  62  80   7  81   3  28  16  22 100  21]
